  0   0.000000   0.000000
  1   0.019122   0.053441
  2   0.076019   0.202627
  3   0.169990   0.430851
  4   0.300334   0.721408
  5   0.466348   1.057592
  6   0.667332   1.422702
  7   0.902583   1.802060
  8   1.171401   2.186139
  9   1.473083   2.566215
 10   1.806928   2.933597
 11   2.172235   3.292319
 12   2.568301   3.678773
 13   2.994426   4.133560
 14   3.449907   4.660670
 15   3.934044   5.214566
 16   4.446134   5.748318
 17   4.985477   6.244861
 18   5.551369   6.709210
 19   6.143111   7.146898
 20   6.760000   7.563381
 21   7.400478   7.963956
 22   8.059559   8.353900
 23   8.731402   8.738022
 24   9.410163   9.118135
 25  10.090000   9.494872
 26  10.763705   9.868865
 27  11.418600  10.240408
 28  12.040643  10.607647
 29  12.615791  10.967881
 30  13.130000  11.318408
 31  13.574046  11.656526
 32  13.957981  11.979547
 33  14.296674  12.285741
 34  14.604995  12.574971
 35  14.897813  12.847251
 36  15.190000  13.102586
 37  15.492521  13.340390
 38  15.800728  13.559096
 39  16.106072  13.757123
 40  16.400000  13.934414
 41  16.675169  14.092291
 42  16.929062  14.232097
 43  17.160372  14.354359
 44  17.367787  14.458700
 45  17.550000  14.544700
 46  17.706444  14.612304
 47  17.839520  14.662625
 48  17.952375  14.697007
 49  18.048154  14.716795
 50  18.130000  14.723332
 51  18.199617  14.717722
 52  18.252936  14.699524
 53  18.284447  14.667691
 54  18.288639  14.621174
 55  18.260000  14.558925
 56  18.194289  14.479896
 57  18.092335  14.383037
 58  17.956236  14.267777
 59  17.788092  14.135065
 60  17.590000  13.986147
 61  17.365149  13.822274
 62  17.121085  13.644693
 63  16.866448  13.454586
 64  16.609874  13.252704
 65  16.360000  13.039629
 66  16.122957  12.816427
 67  15.894844  12.588112
 68  15.669252  12.361624
 69  15.439773  12.141817
 70  15.200000  11.925150
 71  14.945504  11.705980
 72  14.679781  11.478719
 73  14.408305  11.241555
 74  14.136553  10.998952
 75  13.870000  10.755951
 76  13.613187  10.515547
 77  13.366914  10.276543
 78  13.131049  10.037230
 79  12.905455   9.795835
 80  12.690000   9.549420
 81  12.483908   9.293984
 82  12.283842   9.025748
 83  12.085821   8.748036
 84  11.885867   8.472027
 85  11.680000   8.209307
 86  11.464860   7.967218
 87  11.239559   7.739612
 88  11.003828   7.517666
 89  10.757398   7.292696
 90  10.500000   7.061974
 91  10.231692   6.830830
 92   9.953843   6.605166
 93   9.668148   6.389855
 94   9.376302   6.185655
 95   9.080000   5.992293
 96   8.782690   5.809537
 97   8.494828   5.637355
 98   8.228621   5.475774
 99   7.996275   5.324824
100   7.810000   5.184244
101   7.676186   5.052318
102   7.577964   4.926873
103   7.492650   4.805734
104   7.397556   4.686738
105   7.270000   4.568589
106   7.093205   4.451430
107   6.874034   4.335536
108   6.625261   4.221185
109   6.359659   4.108653
110   6.090000   3.998218
111   5.827088   3.890157
112   5.573843   3.784747
113   5.331216   3.682264
114   5.100159   3.582886
115   4.881621   3.486476
116   4.676553   3.392831
117   4.485906   3.301752
118   4.310632   3.213037
119   4.151679   3.126486
120   4.010000   3.041897
121   3.886082   2.959069
122   3.778565   2.877805
123   3.685624   2.797971
124   3.605436   2.719508
125   3.536178   2.642360
126   3.476025   2.566471
127   3.423155   2.491786
128   3.375743   2.418248
129   3.331966   2.345802
130   3.290000   2.274392
131   3.248283   2.203961
132   3.206297   2.134465
133   3.163787   2.065989
134   3.120496   1.998721
135   3.076167   1.932850
136   3.030545   1.868564
137   2.983374   1.806053
138   2.934396   1.745504
139   2.883357   1.687107
140   2.830000   1.631051
141   2.774186   1.577524
142   2.716246   1.526700
143   2.656628   1.478339
144   2.595781   1.431740
145   2.534154   1.386179
146   2.472194   1.340933
147   2.410350   1.295279
148   2.349071   1.248491
149   2.288805   1.199848
150   2.230000   1.148624
151   2.173044   1.094100
152   2.118080   1.036002
153   2.065191   0.974974
154   2.014459   0.911774
155   1.965968   0.847157
156   1.919799   0.781880
157   1.876035   0.716699
158   1.834759   0.652370
159   1.796053   0.589650
160   1.760000   0.529296
161   1.726599   0.472064
162   1.695515   0.418698
163   1.666329   0.369634
164   1.638622   0.324963
165   1.611976   0.284757
166   1.585972   0.249089
167   1.560191   0.218033
168   1.534214   0.191662
169   1.507623   0.170002
170   1.480000   0.152572
171   1.451050   0.138590
172   1.420981   0.127268
173   1.390125   0.117818
174   1.358813   0.109454
175   1.327380   0.101584
176   1.296155   0.094117
177   1.265473   0.087040
178   1.235665   0.080340
179   1.207063   0.074004
180   1.180000   0.068019
181   1.154721   0.062371
182   1.131122   0.057047
183   1.109013   0.052034
184   1.088205   0.047319
185   1.068506   0.042890
186   1.049727   0.038731
187   1.031677   0.034832
188   1.014166   0.031181
189   0.997004   0.027771
190   0.980000   0.024593
191   0.963007   0.021641
192   0.946052   0.018906
193   0.929202   0.016380
194   0.912527   0.014057
195   0.896096   0.011927
196   0.879977   0.009984
197   0.864239   0.008220
198   0.848951   0.006627
199   0.834181   0.005196
200   0.820000   0.003922
201   0.806449   0.002795
202   0.793470   0.001808
203   0.780978   0.000953
204   0.768886   0.000223
205   0.757111   0.000
206   0.745567   0.000
207   0.734169   0.000
208   0.722832   0.000
209   0.711470   0.000
210   0.700000   0.000
211   0.688355   0.000
212   0.676547   0.000
213   0.664607   0.000
214   0.652568   0.000
215   0.640461   0.000
216   0.628317   0.000
217   0.616167   0.000
218   0.604043   0.000
219   0.591977   0.000
220   0.580000   0.000
221   0.568141   0.000
222   0.556423   0.000
223   0.544863   0.000
224   0.533481   0.000
225   0.522296   0.000
226   0.511327   0.000
227   0.500594   0.000
228   0.490116   0.000
229   0.479911   0.000
230   0.470000   0.000