100      0.000829947150
103      0.000788490921
106      0.000751654904
109      0.000718756555
112      0.000689236154
115      0.000662631167
118      0.000638556624
121      0.000616689967
124      0.000596759238
127      0.000578533797
130      0.000561816966
133      0.000546440162
136      0.000532258179
139      0.000519145373
142      0.000506992551
145      0.000495704435
148      0.000485197558
151      0.000475398536
154      0.000466242623
157      0.000457672501
160      0.000449637274
163      0.000442091607
166      0.000434995005
169      0.000428311196
172      0.000422007605
175      0.000416054908
178      0.000410426638
181      0.000405098858
184      0.000400049867
187      0.000395259952
190      0.000390711169
193      0.000386387152
196      0.000382272948
199      0.000378354869
202      0.000374620362
205      0.000371057899
208      0.000367656874
211      0.000364407514
214      0.000361300802
217      0.000358328403
220      0.000355482606
223      0.000352756265
226      0.000350142749
229      0.000347635898
232      0.000345229982
235      0.000342919664
238      0.000340699970
241      0.000338566256
244      0.000336514182
247      0.000334539692
250      0.000332638983
253      0.000330808496
256      0.000329044889
259      0.000327345024
262      0.000325705954
265      0.000324124904
268      0.000322599263
271      0.000321126570
274      0.000319704506
277      0.000318330880
280      0.000317003624
283      0.000315720783
286      0.000314480508
289      0.000313281047
292      0.000312120744
295      0.000310998027
298      0.000309911404
301      0.000308859462
304      0.000307840856
307      0.000306854310
310      0.000305898610
313      0.000304972600
316      0.000304075182
319      0.000303205308
322      0.000302361979
325      0.000301544244
328      0.000300751196
331      0.000299981967
334      0.000299235730
337      0.000298511695
340      0.000297809104
343      0.000297127236
346      0.000296465399
349      0.000295822930
352      0.000295199196
355      0.000294593589
358      0.000294005527
361      0.000293434452
364      0.000292879827
367      0.000292341139
370      0.000291817895
373      0.000291309621
376      0.000290815861
379      0.000290336178
382      0.000289870150
385      0.000289417375
388      0.000288977461
391      0.000288550034
394      0.000288134734
397      0.000287731212
400      0.000287339135
403      0.000286958179
406      0.000286588034
409      0.000286228399
412      0.000285878984
415      0.000285539512
418      0.000285209711
421      0.000284889323
424      0.000284578095
427      0.000284275784
430      0.000283982157
433      0.000283696986
436      0.000283420052
439      0.000283151144
442      0.000282890055
445      0.000282636587
448      0.000282390549
451      0.000282151754
454      0.000281920022
457      0.000281695179
460      0.000281477056
463      0.000281265490
466      0.000281060320
469      0.000280861395
472      0.000280668564
475      0.000280481683
478      0.000280300611
481      0.000280125213
484      0.000279955356
487      0.000279790912
490      0.000279631756
493      0.000279477768
496      0.000279328830
499      0.000279184828
