100      0.001034072231
103      0.000981556323
106      0.000934922647
109      0.000893299704
112      0.000855973149
115      0.000822352929
118      0.000791948151
121      0.000764347681
124      0.000739205024
127      0.000716226445
130      0.000695161563
133      0.000675795846
136      0.000657944581
139      0.000641447996
142      0.000626167293
145      0.000611981402
148      0.000598784298
151      0.000586482798
154      0.000574994710
157      0.000564247301
160      0.000554176004
163      0.000544723325
166      0.000535837923
169      0.000527473826
172      0.000519589762
175      0.000512148581
178      0.000505116770
181      0.000498464023
184      0.000492162873
187      0.000486188378
190      0.000480517837
193      0.000475130553
196      0.000470007618
199      0.000465131728
202      0.000460487022
205      0.000456058932
208      0.000451834061
211      0.000447800066
214      0.000443945560
217      0.000440260024
220      0.000436733724
223      0.000433357642
226      0.000430123413
229      0.000427023267
232      0.000424049977
235      0.000421196814
238      0.000418457508
241      0.000415826205
244      0.000413297437
247      0.000410866091
250      0.000408527379
253      0.000406276816
256      0.000404110195
259      0.000402023564
262      0.000400013213
265      0.000398075649
268      0.000396207587
271      0.000394405931
274      0.000392667760
277      0.000390990320
280      0.000389371010
283      0.000387807371
286      0.000386297078
289      0.000384837931
292      0.000383427844
295      0.000382064843
298      0.000380747054
301      0.000379472700
304      0.000378240093
307      0.000377047628
310      0.000375893781
313      0.000374777102
316      0.000373696208
319      0.000372649787
322      0.000371636583
325      0.000370655404
328      0.000369705108
331      0.000368784609
334      0.000367892868
337      0.000367028893
340      0.000366191735
343      0.000365380488
346      0.000364594284
349      0.000363832292
352      0.000363093718
355      0.000362377800
358      0.000361683807
361      0.000361011040
364      0.000360358828
367      0.000359726525
370      0.000359113515
373      0.000358519202
376      0.000357943016
379      0.000357384409
382      0.000356842855
385      0.000356317845
388      0.000355808892
391      0.000355315527
394      0.000354837298
397      0.000354373769
400      0.000353924522
403      0.000353489152
406      0.000353067270
409      0.000352658501
412      0.000352262481
415      0.000351878862
418      0.000351507306
421      0.000351147488
424      0.000350799093
427      0.000350461817
430      0.000350135366
433      0.000349819457
436      0.000349513816
439      0.000349218176
442      0.000348932283
445      0.000348655887
448      0.000348388748
451      0.000348130634
454      0.000347881319
457      0.000347640585
460      0.000347408222
463      0.000347184024
466      0.000346967793
469      0.000346759337
472      0.000346558469
475      0.000346365008
478      0.000346178780
481      0.000345999614
484      0.000345827345
487      0.000345661812
490      0.000345502860
493      0.000345350339
496      0.000345204100
499      0.000345064002
