100     4.399648e-001
105     4.262217e-001
110     4.155064e-001
115     4.071965e-001
120     4.008269e-001
125     3.960441e-001
130     3.925749e-001
135     3.902054e-001
140     3.887656e-001
145     3.881194e-001
150     3.881562e-001
155     3.887853e-001
160     3.899321e-001
165     3.915341e-001
170     3.935390e-001
175     3.959027e-001
180     3.985875e-001
185     4.015613e-001
190     4.047963e-001
195     4.082686e-001
200     4.119573e-001
205     4.158442e-001
210     4.199134e-001
215     4.241509e-001
220     4.285440e-001
225     4.330820e-001
230     4.377548e-001
235     4.425537e-001
240     4.474708e-001
245     4.524991e-001
250     4.576321e-001
255     4.628640e-001
260     4.681897e-001
265     4.736043e-001
270     4.791036e-001
275     4.846835e-001
280     4.903404e-001
285     4.960710e-001
290     5.018722e-001
295     5.077412e-001
300     5.136754e-001
305     5.196725e-001
310     5.257301e-001
315     5.318462e-001
320     5.380189e-001
325     5.442464e-001
330     5.505270e-001
335     5.568592e-001
340     5.632415e-001
345     5.696725e-001
350     5.761511e-001
355     5.826758e-001
360     5.892458e-001
365     5.958598e-001
370     6.025169e-001
375     6.092161e-001
380     6.159566e-001
385     6.227374e-001
390     6.295579e-001
395     6.364171e-001
400     6.433145e-001
405     6.502493e-001
410     6.572209e-001
415     6.642286e-001
420     6.712719e-001
425     6.783502e-001
430     6.854630e-001
435     6.926097e-001
440     6.997898e-001
445     7.070029e-001
450     7.142486e-001
455     7.215264e-001
460     7.288358e-001
465     7.361765e-001
470     7.435481e-001
475     7.509503e-001
480     7.583826e-001
485     7.658447e-001
490     7.733364e-001
495     7.808572e-001
500     7.884069e-001
