100     5.431220e-001
105     5.260964e-001
110     5.128414e-001
115     5.025824e-001
120     4.947412e-001
125     4.888779e-001
130     4.846530e-001
135     4.818005e-001
140     4.801093e-001
145     4.794101e-001
150     4.795656e-001
155     4.804633e-001
160     4.820103e-001
165     4.841293e-001
170     4.867551e-001
175     4.898331e-001
180     4.933165e-001
185     4.971653e-001
190     5.013452e-001
195     5.058265e-001
200     5.105832e-001
205     5.155928e-001
210     5.208355e-001
215     5.262938e-001
220     5.319523e-001
225     5.377973e-001
230     5.438167e-001
235     5.499993e-001
240     5.563356e-001
245     5.628167e-001
250     5.694347e-001
255     5.761823e-001
260     5.830531e-001
265     5.900412e-001
270     5.971412e-001
275     6.043482e-001
280     6.116575e-001
285     6.190652e-001
290     6.265674e-001
295     6.341605e-001
300     6.418415e-001
305     6.496072e-001
310     6.574548e-001
315     6.653820e-001
320     6.733861e-001
325     6.814650e-001
330     6.896167e-001
335     6.978391e-001
340     7.061305e-001
345     7.144892e-001
350     7.229135e-001
355     7.314020e-001
360     7.399532e-001
365     7.485659e-001
370     7.572387e-001
375     7.659706e-001
380     7.747603e-001
385     7.836068e-001
390     7.925091e-001
395     8.014662e-001
400     8.104773e-001
405     8.195415e-001
410     8.286579e-001
415     8.378258e-001
420     8.470444e-001
425     8.563131e-001
430     8.656311e-001
435     8.749978e-001
440     8.844126e-001
445     8.938748e-001
450     9.033840e-001
455     9.129395e-001
460     9.225408e-001
465     9.321875e-001
470     9.418789e-001
475     9.516148e-001
480     9.613945e-001
485     9.712178e-001
490     9.810840e-001
495     9.909930e-001
500     1.000944e+000
