4.500000 0.107100
4.550000 0.103982
4.600000 0.100873
4.650000 0.097785
4.700000 0.094726
4.750000 0.091708
4.800000 0.088738
4.850000 0.085819
4.900000 0.082952
4.950000 0.080138
5.000000 0.077378
5.050000 0.074676
5.100000 0.072045
5.150000 0.069500
5.200000 0.067058
5.250000 0.064734
5.300000 0.062538
5.350000 0.060465
5.400000 0.058502
5.450000 0.056638
5.500000 0.054861
5.550000 0.053161
5.600000 0.051534
5.650000 0.049974
5.700000 0.048477
5.750000 0.047041
5.800000 0.045660
5.850000 0.044332
5.900000 0.043053
5.950000 0.041820
6.000000 0.040630
6.050000 0.039479
6.100000 0.038367
6.150000 0.037291
6.200000 0.036249
6.250000 0.035240
6.300000 0.034262
6.350000 0.033314
6.400000 0.032396
6.450000 0.031505
6.500000 0.030641
6.550000 0.029802
6.600000 0.028989
6.650000 0.028199
6.700000 0.027432
6.750000 0.026688
6.800000 0.025965
6.850000 0.025264
6.900000 0.024582
6.950000 0.023921
7.000000 0.023279
7.050000 0.022655
7.100000 0.022050
7.150000 0.021462
7.200000 0.020891
7.250000 0.020337
7.300000 0.019799
7.350000 0.019276
7.400000 0.018769
7.450000 0.018276
7.500000 0.017798
7.550000 0.017334
7.600000 0.016884
7.650000 0.016446
7.700000 0.016022
7.750000 0.015609
7.800000 0.015209
7.850000 0.014820
7.900000 0.014443
7.950000 0.014077
8.000000 0.013721
8.050000 0.013376
8.100000 0.013041
8.150000 0.012716
8.200000 0.012400
8.250000 0.012094
8.300000 0.011796
8.350000 0.011507
8.400000 0.011227
8.450000 0.010954
8.500000 0.010690
8.550000 0.010433
8.600000 0.010184
8.650000 0.009941
8.700000 0.009706
8.750000 0.009477
8.800000 0.009255
8.850000 0.009039
8.900000 0.008829
8.950000 0.008625
9.000000 0.008427
9.050000 0.008235
9.100000 0.008048
9.150000 0.007866
9.200000 0.007689
9.250000 0.007517
9.300000 0.007350
9.350000 0.007187
9.400000 0.007029
9.450000 0.006875
9.500000 0.006726
9.550000 0.006580
9.600000 0.006439
9.650000 0.006301
9.700000 0.006167
9.750000 0.006037
9.800000 0.005910
9.850000 0.005787
9.900000 0.005666
9.950000 0.005549
10.000000 0.005435
10.050000 0.005323
10.100000 0.005215
10.150000 0.005109
10.200000 0.005006
10.250000 0.004905
10.300000 0.004807
10.350000 0.004712
10.400000 0.004619
10.450000 0.004528
10.500000 0.004440
10.550000 0.004354
10.600000 0.004270
10.650000 0.004188
10.700000 0.004109
10.750000 0.004031
10.800000 0.003955
10.850000 0.003881
10.900000 0.003809
10.950000 0.003738
11.000000 0.003669
11.050000 0.003602
11.100000 0.003536
11.150000 0.003471
11.200000 0.003409
11.250000 0.003347
11.300000 0.003287
11.350000 0.003228
11.400000 0.003171
11.450000 0.003115
11.500000 0.003060
11.550000 0.003007
11.600000 0.002954
11.650000 0.002903
11.700000 0.002853
11.750000 0.002804
11.800000 0.002756
11.850000 0.002709
11.900000 0.002663
11.950000 0.002618