4.500000 -0.087938
4.550000 -0.086521
4.600000 -0.085038
4.650000 -0.083425
4.700000 -0.081614
4.750000 -0.079542
4.800000 -0.077167
4.850000 -0.074547
4.900000 -0.071765
4.950000 -0.068904
5.000000 -0.066046
5.050000 -0.063262
5.100000 -0.060569
5.150000 -0.057973
5.200000 -0.055477
5.250000 -0.053088
5.300000 -0.050807
5.350000 -0.048635
5.400000 -0.046567
5.450000 -0.044601
5.500000 -0.042732
5.550000 -0.040959
5.600000 -0.039276
5.650000 -0.037678
5.700000 -0.036160
5.750000 -0.034716
5.800000 -0.033342
5.850000 -0.032034
5.900000 -0.030788
5.950000 -0.029600
6.000000 -0.028468
6.050000 -0.027387
6.100000 -0.026356
6.150000 -0.025371
6.200000 -0.024430
6.250000 -0.023530
6.300000 -0.022670
6.350000 -0.021846
6.400000 -0.021058
6.450000 -0.020304
6.500000 -0.019582
6.550000 -0.018890
6.600000 -0.018228
6.650000 -0.017593
6.700000 -0.016984
6.750000 -0.016401
6.800000 -0.015842
6.850000 -0.015305
6.900000 -0.014791
6.950000 -0.014297
7.000000 -0.013824
7.050000 -0.013369
7.100000 -0.012933
7.150000 -0.012515
7.200000 -0.012113
7.250000 -0.011727
7.300000 -0.011356
7.350000 -0.011000
7.400000 -0.010657
7.450000 -0.010329
7.500000 -0.010012
7.550000 -0.009709
7.600000 -0.009416
7.650000 -0.009135
7.700000 -0.008865
7.750000 -0.008604
7.800000 -0.008353
7.850000 -0.008112
7.900000 -0.007880
7.950000 -0.007656
8.000000 -0.007440
8.050000 -0.007232
8.100000 -0.007031
8.150000 -0.006838
8.200000 -0.006652
8.250000 -0.006472
8.300000 -0.006299
8.350000 -0.006131
8.400000 -0.005970
8.450000 -0.005814
8.500000 -0.005663
8.550000 -0.005517
8.600000 -0.005376
8.650000 -0.005240
8.700000 -0.005109
8.750000 -0.004982
8.800000 -0.004859
8.850000 -0.004740
8.900000 -0.004624
8.950000 -0.004513
9.000000 -0.004404
9.050000 -0.004300
9.100000 -0.004198
9.150000 -0.004100
9.200000 -0.004004
9.250000 -0.003912
9.300000 -0.003822
9.350000 -0.003735
9.400000 -0.003651
9.450000 -0.003569
9.500000 -0.003489
9.550000 -0.003412
9.600000 -0.003336
9.650000 -0.003263
9.700000 -0.003192
9.750000 -0.003123
9.800000 -0.003056
9.850000 -0.002991
9.900000 -0.002927
9.950000 -0.002865
10.000000 -0.002805
10.050000 -0.002746
10.100000 -0.002689
10.150000 -0.002633
10.200000 -0.002579
10.250000 -0.002526
10.300000 -0.002474
10.350000 -0.002424
10.400000 -0.002375
10.450000 -0.002328
10.500000 -0.002281
10.550000 -0.002236
10.600000 -0.002192
10.650000 -0.002149
10.700000 -0.002107
10.750000 -0.002066
10.800000 -0.002026
10.850000 -0.001987
10.900000 -0.001949
10.950000 -0.001912
11.000000 -0.001876
11.050000 -0.001841
11.100000 -0.001806
11.150000 -0.001772
11.200000 -0.001739
11.250000 -0.001707
11.300000 -0.001675
11.350000 -0.001645
11.400000 -0.001614
11.450000 -0.001585
11.500000 -0.001556
11.550000 -0.001528
11.600000 -0.001501
11.650000 -0.001474
11.700000 -0.001448
11.750000 -0.001422
11.800000 -0.001397
11.850000 -0.001372
11.900000 -0.001348
11.950000 -0.001324