4.500000 0.076076
4.550000 0.044353
4.600000 0.013676
4.650000 -0.014910
4.700000 -0.040359
4.750000 -0.061627
4.800000 -0.077982
4.850000 -0.089965
4.900000 -0.098429
4.950000 -0.104230
5.000000 -0.108222
5.050000 -0.111127
5.100000 -0.113138
5.150000 -0.114315
5.200000 -0.114719
5.250000 -0.114409
5.300000 -0.113454
5.350000 -0.111959
5.400000 -0.110035
5.450000 -0.107796
5.500000 -0.105354
5.550000 -0.102806
5.600000 -0.100186
5.650000 -0.097512
5.700000 -0.094804
5.750000 -0.092079
5.800000 -0.089355
5.850000 -0.086645
5.900000 -0.083959
5.950000 -0.081309
6.000000 -0.078706
6.050000 -0.076159
6.100000 -0.073671
6.150000 -0.071245
6.200000 -0.068879
6.250000 -0.066577
6.300000 -0.064339
6.350000 -0.062165
6.400000 -0.060055
6.450000 -0.058009
6.500000 -0.056027
6.550000 -0.054108
6.600000 -0.052251
6.650000 -0.050456
6.700000 -0.048721
6.750000 -0.047045
6.800000 -0.045427
6.850000 -0.043865
6.900000 -0.042359
6.950000 -0.040906
7.000000 -0.039506
7.050000 -0.038157
7.100000 -0.036858
7.150000 -0.035607
7.200000 -0.034403
7.250000 -0.033244
7.300000 -0.032128
7.350000 -0.031056
7.400000 -0.030024
7.450000 -0.029031
7.500000 -0.028077
7.550000 -0.027160
7.600000 -0.026278
7.650000 -0.025430
7.700000 -0.024615
7.750000 -0.023831
7.800000 -0.023078
7.850000 -0.022354
7.900000 -0.021658
7.950000 -0.020989
8.000000 -0.020346
8.050000 -0.019727
8.100000 -0.019133
8.150000 -0.018561
8.200000 -0.018010
8.250000 -0.017481
8.300000 -0.016972
8.350000 -0.016482
8.400000 -0.016010
8.450000 -0.015556
8.500000 -0.015120
8.550000 -0.014699
8.600000 -0.014293
8.650000 -0.013902
8.700000 -0.013526
8.750000 -0.013162
8.800000 -0.012812
8.850000 -0.012474
8.900000 -0.012148
8.950000 -0.011834
9.000000 -0.011531
9.050000 -0.011238
9.100000 -0.010955
9.150000 -0.010681
9.200000 -0.010417
9.250000 -0.010161
9.300000 -0.009914
9.350000 -0.009675
9.400000 -0.009444
9.450000 -0.009220
9.500000 -0.009003
9.550000 -0.008793
9.600000 -0.008589
9.650000 -0.008392
9.700000 -0.008201
9.750000 -0.008016
9.800000 -0.007836
9.850000 -0.007662
9.900000 -0.007493
9.950000 -0.007328
10.000000 -0.007168
10.050000 -0.007013
10.100000 -0.006862
10.150000 -0.006715
10.200000 -0.006573
10.250000 -0.006434
10.300000 -0.006299
10.350000 -0.006167
10.400000 -0.006040
10.450000 -0.005916
10.500000 -0.005795
10.550000 -0.005678
10.600000 -0.005563
10.650000 -0.005452
10.700000 -0.005344
10.750000 -0.005238
10.800000 -0.005136
10.850000 -0.005036
10.900000 -0.004938
10.950000 -0.004843
11.000000 -0.004750
11.050000 -0.004660
11.100000 -0.004571
11.150000 -0.004485
11.200000 -0.004400
11.250000 -0.004318
11.300000 -0.004238
11.350000 -0.004159
11.400000 -0.004082
11.450000 -0.004007
11.500000 -0.003934
11.550000 -0.003863
11.600000 -0.003793
11.650000 -0.003725
11.700000 -0.003658
11.750000 -0.003593
11.800000 -0.003529
11.850000 -0.003467
11.900000 -0.003406
11.950000 -0.003346