4.500000 0.101371
4.550000 0.097759
4.600000 0.094286
4.650000 0.090945
4.700000 0.087735
4.750000 0.084649
4.800000 0.081683
4.850000 0.078834
4.900000 0.076096
4.950000 0.073466
5.000000 0.070939
5.050000 0.068512
5.100000 0.066179
5.150000 0.063938
5.200000 0.061785
5.250000 0.059716
5.300000 0.057727
5.350000 0.055816
5.400000 0.053979
5.450000 0.052212
5.500000 0.050514
5.550000 0.048881
5.600000 0.047310
5.650000 0.045799
5.700000 0.044345
5.750000 0.042945
5.800000 0.041599
5.850000 0.040303
5.900000 0.039054
5.950000 0.037853
6.000000 0.036695
6.050000 0.035580
6.100000 0.034505
6.150000 0.033469
6.200000 0.032471
6.250000 0.031509
6.300000 0.030581
6.350000 0.029686
6.400000 0.028822
6.450000 0.027989
6.500000 0.027185
6.550000 0.026409
6.600000 0.025660
6.650000 0.024937
6.700000 0.024238
6.750000 0.023563
6.800000 0.022911
6.850000 0.022281
6.900000 0.021672
6.950000 0.021083
7.000000 0.020514
7.050000 0.019963
7.100000 0.019430
7.150000 0.018915
7.200000 0.018417
7.250000 0.017934
7.300000 0.017467
7.350000 0.017015
7.400000 0.016577
7.450000 0.016152
7.500000 0.015742
7.550000 0.015344
7.600000 0.014958
7.650000 0.014584
7.700000 0.014221
7.750000 0.013870
7.800000 0.013529
7.850000 0.013199
7.900000 0.012878
7.950000 0.012567
8.000000 0.012265
8.050000 0.011972
8.100000 0.011688
8.150000 0.011412
8.200000 0.011144
8.250000 0.010884
8.300000 0.010631
8.350000 0.010385
8.400000 0.010147
8.450000 0.009915
8.500000 0.009690
8.550000 0.009471
8.600000 0.009258
8.650000 0.009051
8.700000 0.008849
8.750000 0.008653
8.800000 0.008463
8.850000 0.008278
8.900000 0.008097
8.950000 0.007922
9.000000 0.007751
9.050000 0.007585
9.100000 0.007423
9.150000 0.007265
9.200000 0.007112
9.250000 0.006962
9.300000 0.006817
9.350000 0.006675
9.400000 0.006537
9.450000 0.006402
9.500000 0.006271
9.550000 0.006143
9.600000 0.006018
9.650000 0.005897
9.700000 0.005778
9.750000 0.005663
9.800000 0.005550
9.850000 0.005440
9.900000 0.005333
9.950000 0.005228
10.000000 0.005126
10.050000 0.005026
10.100000 0.004929
10.150000 0.004834
10.200000 0.004742
10.250000 0.004651
10.300000 0.004563
10.350000 0.004477
10.400000 0.004392
10.450000 0.004310
10.500000 0.004230
10.550000 0.004151
10.600000 0.004075
10.650000 0.004000
10.700000 0.003926
10.750000 0.003855
10.800000 0.003785
10.850000 0.003716
10.900000 0.003650
10.950000 0.003584
11.000000 0.003520
11.050000 0.003458
11.100000 0.003397
11.150000 0.003337
11.200000 0.003278
11.250000 0.003221
11.300000 0.003165
11.350000 0.003110
11.400000 0.003057
11.450000 0.003004
11.500000 0.002953
11.550000 0.002903
11.600000 0.002854
11.650000 0.002805
11.700000 0.002758
11.750000 0.002712
11.800000 0.002667
11.850000 0.002623
11.900000 0.002579
11.950000 0.002537