4.500000 -0.170968
4.550000 -0.160172
4.600000 -0.150204
4.650000 -0.140990
4.700000 -0.132465
4.750000 -0.124569
4.800000 -0.117248
4.850000 -0.110454
4.900000 -0.104141
4.950000 -0.098272
5.000000 -0.092809
5.050000 -0.087719
5.100000 -0.082973
5.150000 -0.078544
5.200000 -0.074407
5.250000 -0.070540
5.300000 -0.066921
5.350000 -0.063532
5.400000 -0.060357
5.450000 -0.057378
5.500000 -0.054583
5.550000 -0.051957
5.600000 -0.049488
5.650000 -0.047166
5.700000 -0.044980
5.750000 -0.042920
5.800000 -0.040979
5.850000 -0.039148
5.900000 -0.037419
5.950000 -0.035786
6.000000 -0.034243
6.050000 -0.032783
6.100000 -0.031401
6.150000 -0.030093
6.200000 -0.028854
6.250000 -0.027679
6.300000 -0.026564
6.350000 -0.025506
6.400000 -0.024501
6.450000 -0.023547
6.500000 -0.022639
6.550000 -0.021776
6.600000 -0.020954
6.650000 -0.020172
6.700000 -0.019426
6.750000 -0.018716
6.800000 -0.018038
6.850000 -0.017392
6.900000 -0.016775
6.950000 -0.016186
7.000000 -0.015623
7.050000 -0.015086
7.100000 -0.014571
7.150000 -0.014079
7.200000 -0.013608
7.250000 -0.013158
7.300000 -0.012726
7.350000 -0.012312
7.400000 -0.011916
7.450000 -0.011535
7.500000 -0.011171
7.550000 -0.010821
7.600000 -0.010484
7.650000 -0.010162
7.700000 -0.009852
7.750000 -0.009554
7.800000 -0.009267
7.850000 -0.008992
7.900000 -0.008726
7.950000 -0.008471
8.000000 -0.008226
8.050000 -0.007989
8.100000 -0.007762
8.150000 -0.007542
8.200000 -0.007331
8.250000 -0.007127
8.300000 -0.006930
8.350000 -0.006740
8.400000 -0.006557
8.450000 -0.006380
8.500000 -0.006209
8.550000 -0.006045
8.600000 -0.005885
8.650000 -0.005731
8.700000 -0.005583
8.750000 -0.005439
8.800000 -0.005300
8.850000 -0.005165
8.900000 -0.005035
8.950000 -0.004909
9.000000 -0.004787
9.050000 -0.004669
9.100000 -0.004555
9.150000 -0.004444
9.200000 -0.004336
9.250000 -0.004232
9.300000 -0.004131
9.350000 -0.004034
9.400000 -0.003939
9.450000 -0.003847
9.500000 -0.003758
9.550000 -0.003671
9.600000 -0.003587
9.650000 -0.003505
9.700000 -0.003426
9.750000 -0.003349
9.800000 -0.003274
9.850000 -0.003202
9.900000 -0.003131
9.950000 -0.003063
10.000000 -0.002996
10.050000 -0.002931
10.100000 -0.002868
10.150000 -0.002807
10.200000 -0.002747
10.250000 -0.002689
10.300000 -0.002633
10.350000 -0.002578
10.400000 -0.002524
10.450000 -0.002472
10.500000 -0.002422
10.550000 -0.002372
10.600000 -0.002324
10.650000 -0.002277
10.700000 -0.002232
10.750000 -0.002187
10.800000 -0.002144
10.850000 -0.002101
10.900000 -0.002060
10.950000 -0.002020
11.000000 -0.001981
11.050000 -0.001943
11.100000 -0.001905
11.150000 -0.001869
11.200000 -0.001833
11.250000 -0.001799
11.300000 -0.001765
11.350000 -0.001732
11.400000 -0.001700
11.450000 -0.001668
11.500000 -0.001638
11.550000 -0.001608
11.600000 -0.001578
11.650000 -0.001550
11.700000 -0.001522
11.750000 -0.001494
11.800000 -0.001468
11.850000 -0.001442
11.900000 -0.001416
11.950000 -0.001391