4.500000 -0.324502
4.550000 -0.305349
4.600000 -0.287595
4.650000 -0.271121
4.700000 -0.255817
4.750000 -0.241587
4.800000 -0.228341
4.850000 -0.216000
4.900000 -0.204490
4.950000 -0.193746
5.000000 -0.183707
5.050000 -0.174319
5.100000 -0.165531
5.150000 -0.157299
5.200000 -0.149580
5.250000 -0.142337
5.300000 -0.135534
5.350000 -0.129140
5.400000 -0.123126
5.450000 -0.117464
5.500000 -0.112131
5.550000 -0.107103
5.600000 -0.102360
5.650000 -0.097882
5.700000 -0.093651
5.750000 -0.089652
5.800000 -0.085868
5.850000 -0.082287
5.900000 -0.078895
5.950000 -0.075680
6.000000 -0.072631
6.050000 -0.069738
6.100000 -0.066991
6.150000 -0.064382
6.200000 -0.061901
6.250000 -0.059542
6.300000 -0.057297
6.350000 -0.055160
6.400000 -0.053124
6.450000 -0.051183
6.500000 -0.049333
6.550000 -0.047568
6.600000 -0.045883
6.650000 -0.044274
6.700000 -0.042737
6.750000 -0.041268
6.800000 -0.039863
6.850000 -0.038519
6.900000 -0.037232
6.950000 -0.036001
7.000000 -0.034821
7.050000 -0.033691
7.100000 -0.032607
7.150000 -0.031567
7.200000 -0.030570
7.250000 -0.029613
7.300000 -0.028694
7.350000 -0.027812
7.400000 -0.026964
7.450000 -0.026149
7.500000 -0.025365
7.550000 -0.024612
7.600000 -0.023886
7.650000 -0.023188
7.700000 -0.022516
7.750000 -0.021869
7.800000 -0.021246
7.850000 -0.020645
7.900000 -0.020066
7.950000 -0.019507
8.000000 -0.018968
8.050000 -0.018449
8.100000 -0.017947
8.150000 -0.017463
8.200000 -0.016995
8.250000 -0.016543
8.300000 -0.016107
8.350000 -0.015685
8.400000 -0.015277
8.450000 -0.014883
8.500000 -0.014502
8.550000 -0.014133
8.600000 -0.013776
8.650000 -0.013430
8.700000 -0.013096
8.750000 -0.012772
8.800000 -0.012458
8.850000 -0.012154
8.900000 -0.011860
8.950000 -0.011574
9.000000 -0.011297
9.050000 -0.011029
9.100000 -0.010769
9.150000 -0.010516
9.200000 -0.010271
9.250000 -0.010034
9.300000 -0.009803
9.350000 -0.009579
9.400000 -0.009362
9.450000 -0.009150
9.500000 -0.008945
9.550000 -0.008746
9.600000 -0.008552
9.650000 -0.008364
9.700000 -0.008181
9.750000 -0.008003
9.800000 -0.007830
9.850000 -0.007662
9.900000 -0.007498
9.950000 -0.007339
10.000000 -0.007184
10.050000 -0.007033
10.100000 -0.006886
10.150000 -0.006743
10.200000 -0.006604
10.250000 -0.006468
10.300000 -0.006336
10.350000 -0.006208
10.400000 -0.006082
10.450000 -0.005960
10.500000 -0.005841
10.550000 -0.005725
10.600000 -0.005612
10.650000 -0.005502
10.700000 -0.005394
10.750000 -0.005289
10.800000 -0.005187
10.850000 -0.005087
10.900000 -0.004990
10.950000 -0.004895
11.000000 -0.004802
11.050000 -0.004712
11.100000 -0.004623
11.150000 -0.004537
11.200000 -0.004453
11.250000 -0.004371
11.300000 -0.004290
11.350000 -0.004212
11.400000 -0.004135
11.450000 -0.004060
11.500000 -0.003987
11.550000 -0.003915
11.600000 -0.003845
11.650000 -0.003777
11.700000 -0.003710
11.750000 -0.003645
11.800000 -0.003581
11.850000 -0.003519
11.900000 -0.003458
11.950000 -0.003398